1101010101110001110100010101011101000101011100011101101100101111
1101010101110001110100010101011101000101011100011101101100101111
1101100011010101101010110111111110101001110011101110000011000010
1101010101110001110100010101011101000101011100011101101100101111
1101100011010101101010110111111110101001110011101110000011000010
1001101100000111010100110100111101101000111110011100111101111000
1101010101110001110100010101011101000101011100011101101100101111
1101100011010101101010110111111110101001110011101110000011000010
1001101100000111010100110100111101101000111110011100111101111000
0110101100001001111000010111110111011010000010100000001000011010
1101010101110001110100010101011101000101011100011101101100101111
1101100011010101101010110111111110101001110011101110000011000010
1001101100000111010100110100111101101000111110011100111101111000
0110101100001001111000010111110111011010000010100000001000011010
1110000011110001100111010111001010001110001110111100110110110111
1101010101110001110100010101011101000101011100011101101100101111
1101100011010101101010110111111110101001110011101110000011000010
1001101100000111010100110100111101101000111110011100111101111000
0110101100001001111000010111110111011010000010100000001000011010
1110000011110001100111010111001010001110001110111100110110110111
0011010001001000111001010100111110110000010110000111010110111010
1101010101110001110100010101011101000101011100011101101100101111
1101100011010101101010110111111110101001110011101110000011000010
1001101100000111010100110100111101101000111110011100111101111000
0110101100001001111000010111110111011010000010100000001000011010
1110000011110001100111010111001010001110001110111100110110110111
0011010001001000111001010100111110110000010110000111010110111010
1101010110001011011101110000011001001110101011011110011011001101
1101010101110001110100010101011101000101011100011101101100101111
1101100011010101101010110111111110101001110011101110000011000010
1001101100000111010100110100111101101000111110011100111101111000
0110101100001001111000010111110111011010000010100000001000011010
1110000011110001100111010111001010001110001110111100110110110111
0011010001001000111001010100111110110000010110000111010110111010
1101010110001011011101110000011001001110101011011110011011001101
1100110010001100000101111011000010010011011000101000011000011100
1101010101110001110100010101011101000101011100011101101100101111
1101100011010101101010110111111110101001110011101110000011000010
1001101100000111010100110100111101101000111110011100111101111000
0110101100001001111000010111110111011010000010100000001000011010
1110000011110001100111010111001010001110001110111100110110110111
0011010001001000111001010100111110110000010110000111010110111010
1101010110001011011101110000011001001110101011011110011011001101
1100110010001100000101111011000010010011011000101000011000011100
0001000111001000011000100011001111010000001010010101000111111001
1101010101110001110100010101011101000101011100011101101100101111
1101100011010101101010110111111110101001110011101110000011000010
1001101100000111010100110100111101101000111110011100111101111000
0110101100001001111000010111110111011010000010100000001000011010
1110000011110001100111010111001010001110001110111100110110110111
0011010001001000111001010100111110110000010110000111010110111010
1101010110001011011101110000011001001110101011011110011011001101
1100110010001100000101111011000010010011011000101000011000011100
0001000111001000011000100011001111010000001010010101000111111001
0111000110110001010000110111011100010101011011100111010011111010
1101010101110001110100010101011101000101011100011101101100101111
1101100011010101101010110111111110101001110011101110000011000010
1001101100000111010100110100111101101000111110011100111101111000
0110101100001001111000010111110111011010000010100000001000011010
1110000011110001100111010111001010001110001110111100110110110111
0011010001001000111001010100111110110000010110000111010110111010
1101010110001011011101110000011001001110101011011110011011001101
1100110010001100000101111011000010010011011000101000011000011100
0001000111001000011000100011001111010000001010010101000111111001
0111000110110001010000110111011100010101011011100111010011111010
0000101010110110101001100000011011000000100011101001010011001000
1101010101110001110100010101011101000101011100011101101100101111
1101100011010101101010110111111110101001110011101110000011000010
1001101100000111010100110100111101101000111110011100111101111000
0110101100001001111000010111110111011010000010100000001000011010
1110000011110001100111010111001010001110001110111100110110110111
0011010001001000111001010100111110110000010110000111010110111010
1101010110001011011101110000011001001110101011011110011011001101
1100110010001100000101111011000010010011011000101000011000011100
0001000111001000011000100011001111010000001010010101000111111001
0111000110110001010000110111011100010101011011100111010011111010
0000101010110110101001100000011011000000100011101001010011001000
0110101110101110011110111001010111111010110100010100011110110011
1101010101110001110100010101011101000101011100011101101100101111
1101100011010101101010110111111110101001110011101110000011000010
1001101100000111010100110100111101101000111110011100111101111000
0110101100001001111000010111110111011010000010100000001000011010
1110000011110001100111010111001010001110001110111100110110110111
0011010001001000111001010100111110110000010110000111010110111010
1101010110001011011101110000011001001110101011011110011011001101
1100110010001100000101111011000010010011011000101000011000011100
0001000111001000011000100011001111010000001010010101000111111001
0111000110110001010000110111011100010101011011100111010011111010
0000101010110110101001100000011011000000100011101001010011001000
0110101110101110011110111001010111111010110100010100011110110011
1001110110101011100101111101101101101110110110000110010011001101
1101010101110001110100010101011101000101011100011101101100101111
1101100011010101101010110111111110101001110011101110000011000010
1001101100000111010100110100111101101000111110011100111101111000
0110101100001001111000010111110111011010000010100000001000011010
1110000011110001100111010111001010001110001110111100110110110111
0011010001001000111001010100111110110000010110000111010110111010
1101010110001011011101110000011001001110101011011110011011001101
1100110010001100000101111011000010010011011000101000011000011100
0001000111001000011000100011001111010000001010010101000111111001
0111000110110001010000110111011100010101011011100111010011111010
0000101010110110101001100000011011000000100011101001010011001000
0110101110101110011110111001010111111010110100010100011110110011
1001110110101011100101111101101101101110110110000110010011001101
0110101100010111100101111000101111101010000100111000011110110110
1101010101110001110100010101011101000101011100011101101100101111
1101100011010101101010110111111110101001110011101110000011000010
1001101100000111010100110100111101101000111110011100111101111000
0110101100001001111000010111110111011010000010100000001000011010
1110000011110001100111010111001010001110001110111100110110110111
0011010001001000111001010100111110110000010110000111010110111010
1101010110001011011101110000011001001110101011011110011011001101
1100110010001100000101111011000010010011011000101000011000011100
0001000111001000011000100011001111010000001010010101000111111001
0111000110110001010000110111011100010101011011100111010011111010
0000101010110110101001100000011011000000100011101001010011001000
0110101110101110011110111001010111111010110100010100011110110011
1001110110101011100101111101101101101110110110000110010011001101
0110101100010111100101111000101111101010000100111000011110110110
1111100111110110010000010000010111110011111101011010100010110010
1101010101110001110100010101011101000101011100011101101100101111
1101100011010101101010110111111110101001110011101110000011000010
1001101100000111010100110100111101101000111110011100111101111000
0110101100001001111000010111110111011010000010100000001000011010
1110000011110001100111010111001010001110001110111100110110110111
0011010001001000111001010100111110110000010110000111010110111010
1101010110001011011101110000011001001110101011011110011011001101
1100110010001100000101111011000010010011011000101000011000011100
0001000111001000011000100011001111010000001010010101000111111001
0111000110110001010000110111011100010101011011100111010011111010
0000101010110110101001100000011011000000100011101001010011001000
0110101110101110011110111001010111111010110100010100011110110011
1001110110101011100101111101101101101110110110000110010011001101
0110101100010111100101111000101111101010000100111000011110110110
1111100111110110010000010000010111110011111101011010100010110010
0000101001001110001010101011100010111101000111011110100011001000
1101010101110001110100010101011101000101011100011101101100101111
1101100011010101101010110111111110101001110011101110000011000010
1001101100000111010100110100111101101000111110011100111101111000
0110101100001001111000010111110111011010000010100000001000011010
1110000011110001100111010111001010001110001110111100110110110111
0011010001001000111001010100111110110000010110000111010110111010
1101010110001011011101110000011001001110101011011110011011001101
1100110010001100000101111011000010010011011000101000011000011100
0001000111001000011000100011001111010000001010010101000111111001
0111000110110001010000110111011100010101011011100111010011111010
0000101010110110101001100000011011000000100011101001010011001000
0110101110101110011110111001010111111010110100010100011110110011
1001110110101011100101111101101101101110110110000110010011001101
0110101100010111100101111000101111101010000100111000011110110110
1111100111110110010000010000010111110011111101011010100010110010
0000101001001110001010101011100010111101000111011110100011001000
0111000000110010101100010001101110101010111111101011110010010001
1101010101110001110100010101011101000101011100011101101100101111
1101100011010101101010110111111110101001110011101110000011000010
1001101100000111010100110100111101101000111110011100111101111000
0110101100001001111000010111110111011010000010100000001000011010
1110000011110001100111010111001010001110001110111100110110110111
0011010001001000111001010100111110110000010110000111010110111010
1101010110001011011101110000011001001110101011011110011011001101
1100110010001100000101111011000010010011011000101000011000011100
0001000111001000011000100011001111010000001010010101000111111001
0111000110110001010000110111011100010101011011100111010011111010
0000101010110110101001100000011011000000100011101001010011001000
0110101110101110011110111001010111111010110100010100011110110011
1001110110101011100101111101101101101110110110000110010011001101
0110101100010111100101111000101111101010000100111000011110110110
1111100111110110010000010000010111110011111101011010100010110010
0000101001001110001010101011100010111101000111011110100011001000
0111000000110010101100010001101110101010111111101011110010010001
1101010011110110000000010011001101000111110011000010100100111000
1101010101110001110100010101011101000101011100011101101100101111
1101100011010101101010110111111110101001110011101110000011000010
1001101100000111010100110100111101101000111110011100111101111000
0110101100001001111000010111110111011010000010100000001000011010
1110000011110001100111010111001010001110001110111100110110110111
0011010001001000111001010100111110110000010110000111010110111010
1101010110001011011101110000011001001110101011011110011011001101
1100110010001100000101111011000010010011011000101000011000011100
0001000111001000011000100011001111010000001010010101000111111001
0111000110110001010000110111011100010101011011100111010011111010
0000101010110110101001100000011011000000100011101001010011001000
0110101110101110011110111001010111111010110100010100011110110011
1001110110101011100101111101101101101110110110000110010011001101
0110101100010111100101111000101111101010000100111000011110110110
1111100111110110010000010000010111110011111101011010100010110010
0000101001001110001010101011100010111101000111011110100011001000
0111000000110010101100010001101110101010111111101011110010010001
1101010011110110000000010011001101000111110011000010100100111000
0001110100011010110000000000101010011100011110001111101010000100
1101010101110001110100010101011101000101011100011101101100101111
1101100011010101101010110111111110101001110011101110000011000010
1001101100000111010100110100111101101000111110011100111101111000
0110101100001001111000010111110111011010000010100000001000011010
1110000011110001100111010111001010001110001110111100110110110111
0011010001001000111001010100111110110000010110000111010110111010
1101010110001011011101110000011001001110101011011110011011001101
1100110010001100000101111011000010010011011000101000011000011100
0001000111001000011000100011001111010000001010010101000111111001
0111000110110001010000110111011100010101011011100111010011111010
0000101010110110101001100000011011000000100011101001010011001000
0110101110101110011110111001010111111010110100010100011110110011
1001110110101011100101111101101101101110110110000110010011001101
0110101100010111100101111000101111101010000100111000011110110110
1111100111110110010000010000010111110011111101011010100010110010
0000101001001110001010101011100010111101000111011110100011001000
0111000000110010101100010001101110101010111111101011110010010001
1101010011110110000000010011001101000111110011000010100100111000
0001110100011010110000000000101010011100011110001111101010000100
0010000001100111111111001100001101101010010100001101011000011010
1101010101110001110100010101011101000101011100011101101100101111
1101100011010101101010110111111110101001110011101110000011000010
1001101100000111010100110100111101101000111110011100111101111000
0110101100001001111000010111110111011010000010100000001000011010
1110000011110001100111010111001010001110001110111100110110110111
0011010001001000111001010100111110110000010110000111010110111010
1101010110001011011101110000011001001110101011011110011011001101
1100110010001100000101111011000010010011011000101000011000011100
0001000111001000011000100011001111010000001010010101000111111001
0111000110110001010000110111011100010101011011100111010011111010
0000101010110110101001100000011011000000100011101001010011001000
0110101110101110011110111001010111111010110100010100011110110011
1001110110101011100101111101101101101110110110000110010011001101
0110101100010111100101111000101111101010000100111000011110110110
1111100111110110010000010000010111110011111101011010100010110010
0000101001001110001010101011100010111101000111011110100011001000
0111000000110010101100010001101110101010111111101011110010010001
1101010011110110000000010011001101000111110011000010100100111000
0001110100011010110000000000101010011100011110001111101010000100
0010000001100111111111001100001101101010010100001101011000011010
0000110010100000110111100111010010000011000000110100011110011000
1101010101110001110100010101011101000101011100011101101100101111
1101100011010101101010110111111110101001110011101110000011000010
1001101100000111010100110100111101101000111110011100111101111000
0110101100001001111000010111110111011010000010100000001000011010
1110000011110001100111010111001010001110001110111100110110110111
0011010001001000111001010100111110110000010110000111010110111010
1101010110001011011101110000011001001110101011011110011011001101
1100110010001100000101111011000010010011011000101000011000011100
0001000111001000011000100011001111010000001010010101000111111001
0111000110110001010000110111011100010101011011100111010011111010
0000101010110110101001100000011011000000100011101001010011001000
0110101110101110011110111001010111111010110100010100011110110011
1001110110101011100101111101101101101110110110000110010011001101
0110101100010111100101111000101111101010000100111000011110110110
1111100111110110010000010000010111110011111101011010100010110010
0000101001001110001010101011100010111101000111011110100011001000
0111000000110010101100010001101110101010111111101011110010010001
1101010011110110000000010011001101000111110011000010100100111000
0001110100011010110000000000101010011100011110001111101010000100
0010000001100111111111001100001101101010010100001101011000011010
0000110010100000110111100111010010000011000000110100011110011000
1110001100101111000100010111111101011010011101010011101101010001
1101010101110001110100010101011101000101011100011101101100101111
1101100011010101101010110111111110101001110011101110000011000010
1001101100000111010100110100111101101000111110011100111101111000
0110101100001001111000010111110111011010000010100000001000011010
1110000011110001100111010111001010001110001110111100110110110111
0011010001001000111001010100111110110000010110000111010110111010
1101010110001011011101110000011001001110101011011110011011001101
1100110010001100000101111011000010010011011000101000011000011100
0001000111001000011000100011001111010000001010010101000111111001
0111000110110001010000110111011100010101011011100111010011111010
0000101010110110101001100000011011000000100011101001010011001000
0110101110101110011110111001010111111010110100010100011110110011
1001110110101011100101111101101101101110110110000110010011001101
0110101100010111100101111000101111101010000100111000011110110110
1111100111110110010000010000010111110011111101011010100010110010
0000101001001110001010101011100010111101000111011110100011001000
0111000000110010101100010001101110101010111111101011110010010001
1101010011110110000000010011001101000111110011000010100100111000
0001110100011010110000000000101010011100011110001111101010000100
0010000001100111111111001100001101101010010100001101011000011010
0000110010100000110111100111010010000011000000110100011110011000
1110001100101111000100010111111101011010011101010011101101010001
1000011110011101010000001000000100101101100001100001111011000011
1101010101110001110100010101011101000101011100011101101100101111
1101100011010101101010110111111110101001110011101110000011000010
1001101100000111010100110100111101101000111110011100111101111000
0110101100001001111000010111110111011010000010100000001000011010
1110000011110001100111010111001010001110001110111100110110110111
0011010001001000111001010100111110110000010110000111010110111010
1101010110001011011101110000011001001110101011011110011011001101
1100110010001100000101111011000010010011011000101000011000011100
0001000111001000011000100011001111010000001010010101000111111001
0111000110110001010000110111011100010101011011100111010011111010
0000101010110110101001100000011011000000100011101001010011001000
0110101110101110011110111001010111111010110100010100011110110011
1001110110101011100101111101101101101110110110000110010011001101
0110101100010111100101111000101111101010000100111000011110110110
1111100111110110010000010000010111110011111101011010100010110010
0000101001001110001010101011100010111101000111011110100011001000
0111000000110010101100010001101110101010111111101011110010010001
1101010011110110000000010011001101000111110011000010100100111000
0001110100011010110000000000101010011100011110001111101010000100
0010000001100111111111001100001101101010010100001101011000011010
0000110010100000110111100111010010000011000000110100011110011000
1110001100101111000100010111111101011010011101010011101101010001
1000011110011101010000001000000100101101100001100001111011000011
0101111101001110100001111100010000111011111100110001011110100110
1101010101110001110100010101011101000101011100011101101100101111
1101100011010101101010110111111110101001110011101110000011000010
1001101100000111010100110100111101101000111110011100111101111000
0110101100001001111000010111110111011010000010100000001000011010
1110000011110001100111010111001010001110001110111100110110110111
0011010001001000111001010100111110110000010110000111010110111010
1101010110001011011101110000011001001110101011011110011011001101
1100110010001100000101111011000010010011011000101000011000011100
0001000111001000011000100011001111010000001010010101000111111001
0111000110110001010000110111011100010101011011100111010011111010
0000101010110110101001100000011011000000100011101001010011001000
0110101110101110011110111001010111111010110100010100011110110011
1001110110101011100101111101101101101110110110000110010011001101
0110101100010111100101111000101111101010000100111000011110110110
1111100111110110010000010000010111110011111101011010100010110010
0000101001001110001010101011100010111101000111011110100011001000
0111000000110010101100010001101110101010111111101011110010010001
1101010011110110000000010011001101000111110011000010100100111000
0001110100011010110000000000101010011100011110001111101010000100
0010000001100111111111001100001101101010010100001101011000011010
0000110010100000110111100111010010000011000000110100011110011000
1110001100101111000100010111111101011010011101010011101101010001
1000011110011101010000001000000100101101100001100001111011000011
0101111101001110100001111100010000111011111100110001011110100110
0011111011001001001101100110011000100101100101111110011101001001
1101010101110001110100010101011101000101011100011101101100101111
1101100011010101101010110111111110101001110011101110000011000010
1001101100000111010100110100111101101000111110011100111101111000
0110101100001001111000010111110111011010000010100000001000011010
1110000011110001100111010111001010001110001110111100110110110111
0011010001001000111001010100111110110000010110000111010110111010
1101010110001011011101110000011001001110101011011110011011001101
1100110010001100000101111011000010010011011000101000011000011100
0001000111001000011000100011001111010000001010010101000111111001
0111000110110001010000110111011100010101011011100111010011111010
0000101010110110101001100000011011000000100011101001010011001000
0110101110101110011110111001010111111010110100010100011110110011
1001110110101011100101111101101101101110110110000110010011001101
0110101100010111100101111000101111101010000100111000011110110110
1111100111110110010000010000010111110011111101011010100010110010
0000101001001110001010101011100010111101000111011110100011001000
0111000000110010101100010001101110101010111111101011110010010001
1101010011110110000000010011001101000111110011000010100100111000
0001110100011010110000000000101010011100011110001111101010000100
0010000001100111111111001100001101101010010100001101011000011010
0000110010100000110111100111010010000011000000110100011110011000
1110001100101111000100010111111101011010011101010011101101010001
1000011110011101010000001000000100101101100001100001111011000011
0101111101001110100001111100010000111011111100110001011110100110
0011111011001001001101100110011000100101100101111110011101001001
0000100000001011000110101000110011111101011101111010111000111100
1101010101110001110100010101011101000101011100011101101100101111
1101100011010101101010110111111110101001110011101110000011000010
1001101100000111010100110100111101101000111110011100111101111000
0110101100001001111000010111110111011010000010100000001000011010
1110000011110001100111010111001010001110001110111100110110110111
0011010001001000111001010100111110110000010110000111010110111010
1101010110001011011101110000011001001110101011011110011011001101
1100110010001100000101111011000010010011011000101000011000011100
0001000111001000011000100011001111010000001010010101000111111001
0111000110110001010000110111011100010101011011100111010011111010
0000101010110110101001100000011011000000100011101001010011001000
0110101110101110011110111001010111111010110100010100011110110011
1001110110101011100101111101101101101110110110000110010011001101
0110101100010111100101111000101111101010000100111000011110110110
1111100111110110010000010000010111110011111101011010100010110010
0000101001001110001010101011100010111101000111011110100011001000
0111000000110010101100010001101110101010111111101011110010010001
1101010011110110000000010011001101000111110011000010100100111000
0001110100011010110000000000101010011100011110001111101010000100
0010000001100111111111001100001101101010010100001101011000011010
0000110010100000110111100111010010000011000000110100011110011000
1110001100101111000100010111111101011010011101010011101101010001
1000011110011101010000001000000100101101100001100001111011000011
0101111101001110100001111100010000111011111100110001011110100110
0011111011001001001101100110011000100101100101111110011101001001
0000100000001011000110101000110011111101011101111010111000111100
0110101010001011000100100010000010100011111100101100000110110101
1101010101110001110100010101011101000101011100011101101100101111
1101100011010101101010110111111110101001110011101110000011000010
1001101100000111010100110100111101101000111110011100111101111000
0110101100001001111000010111110111011010000010100000001000011010
1110000011110001100111010111001010001110001110111100110110110111
0011010001001000111001010100111110110000010110000111010110111010
1101010110001011011101110000011001001110101011011110011011001101
1100110010001100000101111011000010010011011000101000011000011100
0001000111001000011000100011001111010000001010010101000111111001
0111000110110001010000110111011100010101011011100111010011111010
0000101010110110101001100000011011000000100011101001010011001000
0110101110101110011110111001010111111010110100010100011110110011
1001110110101011100101111101101101101110110110000110010011001101
0110101100010111100101111000101111101010000100111000011110110110
1111100111110110010000010000010111110011111101011010100010110010
0000101001001110001010101011100010111101000111011110100011001000
0111000000110010101100010001101110101010111111101011110010010001
1101010011110110000000010011001101000111110011000010100100111000
0001110100011010110000000000101010011100011110001111101010000100
0010000001100111111111001100001101101010010100001101011000011010
0000110010100000110111100111010010000011000000110100011110011000
1110001100101111000100010111111101011010011101010011101101010001
1000011110011101010000001000000100101101100001100001111011000011
0101111101001110100001111100010000111011111100110001011110100110
0011111011001001001101100110011000100101100101111110011101001001
0000100000001011000110101000110011111101011101111010111000111100
0110101010001011000100100010000010100011111100101100000110110101
1011011001011100111101010111000101111111000011111001100110110001
1101010101110001110100010101011101000101011100011101101100101111
1101100011010101101010110111111110101001110011101110000011000010
1001101100000111010100110100111101101000111110011100111101111000
0110101100001001111000010111110111011010000010100000001000011010
1110000011110001100111010111001010001110001110111100110110110111
0011010001001000111001010100111110110000010110000111010110111010
1101010110001011011101110000011001001110101011011110011011001101
1100110010001100000101111011000010010011011000101000011000011100
0001000111001000011000100011001111010000001010010101000111111001
0111000110110001010000110111011100010101011011100111010011111010
0000101010110110101001100000011011000000100011101001010011001000
0110101110101110011110111001010111111010110100010100011110110011
1001110110101011100101111101101101101110110110000110010011001101
0110101100010111100101111000101111101010000100111000011110110110
1111100111110110010000010000010111110011111101011010100010110010
0000101001001110001010101011100010111101000111011110100011001000
0111000000110010101100010001101110101010111111101011110010010001
1101010011110110000000010011001101000111110011000010100100111000
0001110100011010110000000000101010011100011110001111101010000100
0010000001100111111111001100001101101010010100001101011000011010
0000110010100000110111100111010010000011000000110100011110011000
1110001100101111000100010111111101011010011101010011101101010001
1000011110011101010000001000000100101101100001100001111011000011
0101111101001110100001111100010000111011111100110001011110100110
0011111011001001001101100110011000100101100101111110011101001001
0000100000001011000110101000110011111101011101111010111000111100
0110101010001011000100100010000010100011111100101100000110110101
1011011001011100111101010111000101111111000011111001100110110001
1101101001111010001001011000011001110100010101001111111111110100
1101010101110001110100010101011101000101011100011101101100101111
1101100011010101101010110111111110101001110011101110000011000010
1001101100000111010100110100111101101000111110011100111101111000
0110101100001001111000010111110111011010000010100000001000011010
1110000011110001100111010111001010001110001110111100110110110111
0011010001001000111001010100111110110000010110000111010110111010
1101010110001011011101110000011001001110101011011110011011001101
1100110010001100000101111011000010010011011000101000011000011100
0001000111001000011000100011001111010000001010010101000111111001
0111000110110001010000110111011100010101011011100111010011111010
0000101010110110101001100000011011000000100011101001010011001000
0110101110101110011110111001010111111010110100010100011110110011
1001110110101011100101111101101101101110110110000110010011001101
0110101100010111100101111000101111101010000100111000011110110110
1111100111110110010000010000010111110011111101011010100010110010
0000101001001110001010101011100010111101000111011110100011001000
0111000000110010101100010001101110101010111111101011110010010001
1101010011110110000000010011001101000111110011000010100100111000
0001110100011010110000000000101010011100011110001111101010000100
0010000001100111111111001100001101101010010100001101011000011010
0000110010100000110111100111010010000011000000110100011110011000
1110001100101111000100010111111101011010011101010011101101010001
1000011110011101010000001000000100101101100001100001111011000011
0101111101001110100001111100010000111011111100110001011110100110
0011111011001001001101100110011000100101100101111110011101001001
0000100000001011000110101000110011111101011101111010111000111100
0110101010001011000100100010000010100011111100101100000110110101
1011011001011100111101010111000101111111000011111001100110110001
1101101001111010001001011000011001110100010101001111111111110100
0001101001000100111101001111101010101000000111100000000001110101
1101010101110001110100010101011101000101011100011101101100101111
1101100011010101101010110111111110101001110011101110000011000010
1001101100000111010100110100111101101000111110011100111101111000
0110101100001001111000010111110111011010000010100000001000011010
1110000011110001100111010111001010001110001110111100110110110111
0011010001001000111001010100111110110000010110000111010110111010
1101010110001011011101110000011001001110101011011110011011001101
1100110010001100000101111011000010010011011000101000011000011100
0001000111001000011000100011001111010000001010010101000111111001
0111000110110001010000110111011100010101011011100111010011111010
0000101010110110101001100000011011000000100011101001010011001000
0110101110101110011110111001010111111010110100010100011110110011
1001110110101011100101111101101101101110110110000110010011001101
0110101100010111100101111000101111101010000100111000011110110110
1111100111110110010000010000010111110011111101011010100010110010
0000101001001110001010101011100010111101000111011110100011001000
0111000000110010101100010001101110101010111111101011110010010001
1101010011110110000000010011001101000111110011000010100100111000
0001110100011010110000000000101010011100011110001111101010000100
0010000001100111111111001100001101101010010100001101011000011010
0000110010100000110111100111010010000011000000110100011110011000
1110001100101111000100010111111101011010011101010011101101010001
1000011110011101010000001000000100101101100001100001111011000011
0101111101001110100001111100010000111011111100110001011110100110
0011111011001001001101100110011000100101100101111110011101001001
0000100000001011000110101000110011111101011101111010111000111100
0110101010001011000100100010000010100011111100101100000110110101
1011011001011100111101010111000101111111000011111001100110110001
1101101001111010001001011000011001110100010101001111111111110100
0001101001000100111101001111101010101000000111100000000001110101
1111000101000101011000010011001011010100110110111001101000001101
1101010101110001110100010101011101000101011100011101101100101111
1101100011010101101010110111111110101001110011101110000011000010
1001101100000111010100110100111101101000111110011100111101111000
0110101100001001111000010111110111011010000010100000001000011010
1110000011110001100111010111001010001110001110111100110110110111
0011010001001000111001010100111110110000010110000111010110111010
1101010110001011011101110000011001001110101011011110011011001101
1100110010001100000101111011000010010011011000101000011000011100
0001000111001000011000100011001111010000001010010101000111111001
0111000110110001010000110111011100010101011011100111010011111010
0000101010110110101001100000011011000000100011101001010011001000
0110101110101110011110111001010111111010110100010100011110110011
1001110110101011100101111101101101101110110110000110010011001101
0110101100010111100101111000101111101010000100111000011110110110
1111100111110110010000010000010111110011111101011010100010110010
0000101001001110001010101011100010111101000111011110100011001000
0111000000110010101100010001101110101010111111101011110010010001
1101010011110110000000010011001101000111110011000010100100111000
0001110100011010110000000000101010011100011110001111101010000100
0010000001100111111111001100001101101010010100001101011000011010
0000110010100000110111100111010010000011000000110100011110011000
1110001100101111000100010111111101011010011101010011101101010001
1000011110011101010000001000000100101101100001100001111011000011
0101111101001110100001111100010000111011111100110001011110100110
0011111011001001001101100110011000100101100101111110011101001001
0000100000001011000110101000110011111101011101111010111000111100
0110101010001011000100100010000010100011111100101100000110110101
1011011001011100111101010111000101111111000011111001100110110001
1101101001111010001001011000011001110100010101001111111111110100
0001101001000100111101001111101010101000000111100000000001110101
1111000101000101011000010011001011010100110110111001101000001101
1001110111110010111001011111001011011111011101010100111001000110
1101010101110001110100010101011101000101011100011101101100101111
1101100011010101101010110111111110101001110011101110000011000010
1001101100000111010100110100111101101000111110011100111101111000
0110101100001001111000010111110111011010000010100000001000011010
1110000011110001100111010111001010001110001110111100110110110111
0011010001001000111001010100111110110000010110000111010110111010
1101010110001011011101110000011001001110101011011110011011001101
1100110010001100000101111011000010010011011000101000011000011100
0001000111001000011000100011001111010000001010010101000111111001
0111000110110001010000110111011100010101011011100111010011111010
0000101010110110101001100000011011000000100011101001010011001000
0110101110101110011110111001010111111010110100010100011110110011
1001110110101011100101111101101101101110110110000110010011001101
0110101100010111100101111000101111101010000100111000011110110110
1111100111110110010000010000010111110011111101011010100010110010
0000101001001110001010101011100010111101000111011110100011001000
0111000000110010101100010001101110101010111111101011110010010001
1101010011110110000000010011001101000111110011000010100100111000
0001110100011010110000000000101010011100011110001111101010000100
0010000001100111111111001100001101101010010100001101011000011010
0000110010100000110111100111010010000011000000110100011110011000
1110001100101111000100010111111101011010011101010011101101010001
1000011110011101010000001000000100101101100001100001111011000011
0101111101001110100001111100010000111011111100110001011110100110
0011111011001001001101100110011000100101100101111110011101001001
0000100000001011000110101000110011111101011101111010111000111100
0110101010001011000100100010000010100011111100101100000110110101
1011011001011100111101010111000101111111000011111001100110110001
1101101001111010001001011000011001110100010101001111111111110100
0001101001000100111101001111101010101000000111100000000001110101
1111000101000101011000010011001011010100110110111001101000001101
1001110111110010111001011111001011011111011101010100111001000110
0011111101110101110100111010000000001111001001001011011010100101
1101010101110001110100010101011101000101011100011101101100101111
1101100011010101101010110111111110101001110011101110000011000010
1001101100000111010100110100111101101000111110011100111101111000
0110101100001001111000010111110111011010000010100000001000011010
1110000011110001100111010111001010001110001110111100110110110111
0011010001001000111001010100111110110000010110000111010110111010
1101010110001011011101110000011001001110101011011110011011001101
1100110010001100000101111011000010010011011000101000011000011100
0001000111001000011000100011001111010000001010010101000111111001
0111000110110001010000110111011100010101011011100111010011111010
0000101010110110101001100000011011000000100011101001010011001000
0110101110101110011110111001010111111010110100010100011110110011
1001110110101011100101111101101101101110110110000110010011001101
0110101100010111100101111000101111101010000100111000011110110110
1111100111110110010000010000010111110011111101011010100010110010
0000101001001110001010101011100010111101000111011110100011001000
0111000000110010101100010001101110101010111111101011110010010001
1101010011110110000000010011001101000111110011000010100100111000
0001110100011010110000000000101010011100011110001111101010000100
0010000001100111111111001100001101101010010100001101011000011010
0000110010100000110111100111010010000011000000110100011110011000
1110001100101111000100010111111101011010011101010011101101010001
1000011110011101010000001000000100101101100001100001111011000011
0101111101001110100001111100010000111011111100110001011110100110
0011111011001001001101100110011000100101100101111110011101001001
0000100000001011000110101000110011111101011101111010111000111100
0110101010001011000100100010000010100011111100101100000110110101
1011011001011100111101010111000101111111000011111001100110110001
1101101001111010001001011000011001110100010101001111111111110100
0001101001000100111101001111101010101000000111100000000001110101
1111000101000101011000010011001011010100110110111001101000001101
1001110111110010111001011111001011011111011101010100111001000110
0011111101110101110100111010000000001111001001001011011010100101
0000101100101100100000001011010100111101010100100010011100111000
1101010101110001110100010101011101000101011100011101101100101111
1101100011010101101010110111111110101001110011101110000011000010
1001101100000111010100110100111101101000111110011100111101111000
0110101100001001111000010111110111011010000010100000001000011010
1110000011110001100111010111001010001110001110111100110110110111
0011010001001000111001010100111110110000010110000111010110111010
1101010110001011011101110000011001001110101011011110011011001101
1100110010001100000101111011000010010011011000101000011000011100
0001000111001000011000100011001111010000001010010101000111111001
0111000110110001010000110111011100010101011011100111010011111010
0000101010110110101001100000011011000000100011101001010011001000
0110101110101110011110111001010111111010110100010100011110110011
1001110110101011100101111101101101101110110110000110010011001101
0110101100010111100101111000101111101010000100111000011110110110
1111100111110110010000010000010111110011111101011010100010110010
0000101001001110001010101011100010111101000111011110100011001000
0111000000110010101100010001101110101010111111101011110010010001
1101010011110110000000010011001101000111110011000010100100111000
0001110100011010110000000000101010011100011110001111101010000100
0010000001100111111111001100001101101010010100001101011000011010
0000110010100000110111100111010010000011000000110100011110011000
1110001100101111000100010111111101011010011101010011101101010001
1000011110011101010000001000000100101101100001100001111011000011
0101111101001110100001111100010000111011111100110001011110100110
0011111011001001001101100110011000100101100101111110011101001001
0000100000001011000110101000110011111101011101111010111000111100
0110101010001011000100100010000010100011111100101100000110110101
1011011001011100111101010111000101111111000011111001100110110001
1101101001111010001001011000011001110100010101001111111111110100
0001101001000100111101001111101010101000000111100000000001110101
1111000101000101011000010011001011010100110110111001101000001101
1001110111110010111001011111001011011111011101010100111001000110
0011111101110101110100111010000000001111001001001011011010100101
0000101100101100100000001011010100111101010100100010011100111000
0110011010011000011001100111100111011101010110111111011001011010
1101010101110001110100010101011101000101011100011101101100101111
1101100011010101101010110111111110101001110011101110000011000010
1001101100000111010100110100111101101000111110011100111101111000
0110101100001001111000010111110111011010000010100000001000011010
1110000011110001100111010111001010001110001110111100110110110111
0011010001001000111001010100111110110000010110000111010110111010
1101010110001011011101110000011001001110101011011110011011001101
1100110010001100000101111011000010010011011000101000011000011100
0001000111001000011000100011001111010000001010010101000111111001
0111000110110001010000110111011100010101011011100111010011111010
0000101010110110101001100000011011000000100011101001010011001000
0110101110101110011110111001010111111010110100010100011110110011
1001110110101011100101111101101101101110110110000110010011001101
0110101100010111100101111000101111101010000100111000011110110110
1111100111110110010000010000010111110011111101011010100010110010
0000101001001110001010101011100010111101000111011110100011001000
0111000000110010101100010001101110101010111111101011110010010001
1101010011110110000000010011001101000111110011000010100100111000
0001110100011010110000000000101010011100011110001111101010000100
0010000001100111111111001100001101101010010100001101011000011010
0000110010100000110111100111010010000011000000110100011110011000
1110001100101111000100010111111101011010011101010011101101010001
1000011110011101010000001000000100101101100001100001111011000011
0101111101001110100001111100010000111011111100110001011110100110
0011111011001001001101100110011000100101100101111110011101001001
0000100000001011000110101000110011111101011101111010111000111100
0110101010001011000100100010000010100011111100101100000110110101
1011011001011100111101010111000101111111000011111001100110110001
1101101001111010001001011000011001110100010101001111111111110100
0001101001000100111101001111101010101000000111100000000001110101
1111000101000101011000010011001011010100110110111001101000001101
1001110111110010111001011111001011011111011101010100111001000110
0011111101110101110100111010000000001111001001001011011010100101
0000101100101100100000001011010100111101010100100010011100111000
0110011010011000011001100111100111011101010110111111011001011010
0111011100001001010110010001101111010101100010101001001001101000
1101010101110001110100010101011101000101011100011101101100101111
1101100011010101101010110111111110101001110011101110000011000010
1001101100000111010100110100111101101000111110011100111101111000
0110101100001001111000010111110111011010000010100000001000011010
1110000011110001100111010111001010001110001110111100110110110111
0011010001001000111001010100111110110000010110000111010110111010
1101010110001011011101110000011001001110101011011110011011001101
1100110010001100000101111011000010010011011000101000011000011100
0001000111001000011000100011001111010000001010010101000111111001
0111000110110001010000110111011100010101011011100111010011111010
0000101010110110101001100000011011000000100011101001010011001000
0110101110101110011110111001010111111010110100010100011110110011
1001110110101011100101111101101101101110110110000110010011001101
0110101100010111100101111000101111101010000100111000011110110110
1111100111110110010000010000010111110011111101011010100010110010
0000101001001110001010101011100010111101000111011110100011001000
0111000000110010101100010001101110101010111111101011110010010001
1101010011110110000000010011001101000111110011000010100100111000
0001110100011010110000000000101010011100011110001111101010000100
0010000001100111111111001100001101101010010100001101011000011010
0000110010100000110111100111010010000011000000110100011110011000
1110001100101111000100010111111101011010011101010011101101010001
1000011110011101010000001000000100101101100001100001111011000011
0101111101001110100001111100010000111011111100110001011110100110
0011111011001001001101100110011000100101100101111110011101001001
0000100000001011000110101000110011111101011101111010111000111100
0110101010001011000100100010000010100011111100101100000110110101
1011011001011100111101010111000101111111000011111001100110110001
1101101001111010001001011000011001110100010101001111111111110100
0001101001000100111101001111101010101000000111100000000001110101
1111000101000101011000010011001011010100110110111001101000001101
1001110111110010111001011111001011011111011101010100111001000110
0011111101110101110100111010000000001111001001001011011010100101
0000101100101100100000001011010100111101010100100010011100111000
0110011010011000011001100111100111011101010110111111011001011010
0111011100001001010110010001101111010101100010101001001001101000
1001100011101110110100011000001000011000010101010110000010011001
1101010101110001110100010101011101000101011100011101101100101111
1101100011010101101010110111111110101001110011101110000011000010
1001101100000111010100110100111101101000111110011100111101111000
0110101100001001111000010111110111011010000010100000001000011010
1110000011110001100111010111001010001110001110111100110110110111
0011010001001000111001010100111110110000010110000111010110111010
1101010110001011011101110000011001001110101011011110011011001101
1100110010001100000101111011000010010011011000101000011000011100
0001000111001000011000100011001111010000001010010101000111111001
0111000110110001010000110111011100010101011011100111010011111010
0000101010110110101001100000011011000000100011101001010011001000
0110101110101110011110111001010111111010110100010100011110110011
1001110110101011100101111101101101101110110110000110010011001101
0110101100010111100101111000101111101010000100111000011110110110
1111100111110110010000010000010111110011111101011010100010110010
0000101001001110001010101011100010111101000111011110100011001000
0111000000110010101100010001101110101010111111101011110010010001
1101010011110110000000010011001101000111110011000010100100111000
0001110100011010110000000000101010011100011110001111101010000100
0010000001100111111111001100001101101010010100001101011000011010
0000110010100000110111100111010010000011000000110100011110011000
1110001100101111000100010111111101011010011101010011101101010001
1000011110011101010000001000000100101101100001100001111011000011
0101111101001110100001111100010000111011111100110001011110100110
0011111011001001001101100110011000100101100101111110011101001001
0000100000001011000110101000110011111101011101111010111000111100
0110101010001011000100100010000010100011111100101100000110110101
1011011001011100111101010111000101111111000011111001100110110001
1101101001111010001001011000011001110100010101001111111111110100
0001101001000100111101001111101010101000000111100000000001110101
1111000101000101011000010011001011010100110110111001101000001101
1001110111110010111001011111001011011111011101010100111001000110
0011111101110101110100111010000000001111001001001011011010100101
0000101100101100100000001011010100111101010100100010011100111000
0110011010011000011001100111100111011101010110111111011001011010
0111011100001001010110010001101111010101100010101001001001101000
1001100011101110110100011000001000011000010101010110000010011001
0010011101111100001100000000011011000101110101110010111011011101
1101010101110001110100010101011101000101011100011101101100101111
1101100011010101101010110111111110101001110011101110000011000010
1001101100000111010100110100111101101000111110011100111101111000
0110101100001001111000010111110111011010000010100000001000011010
1110000011110001100111010111001010001110001110111100110110110111
0011010001001000111001010100111110110000010110000111010110111010
1101010110001011011101110000011001001110101011011110011011001101
1100110010001100000101111011000010010011011000101000011000011100
0001000111001000011000100011001111010000001010010101000111111001
0111000110110001010000110111011100010101011011100111010011111010
0000101010110110101001100000011011000000100011101001010011001000
0110101110101110011110111001010111111010110100010100011110110011
1001110110101011100101111101101101101110110110000110010011001101
0110101100010111100101111000101111101010000100111000011110110110
1111100111110110010000010000010111110011111101011010100010110010
0000101001001110001010101011100010111101000111011110100011001000
0111000000110010101100010001101110101010111111101011110010010001
1101010011110110000000010011001101000111110011000010100100111000
0001110100011010110000000000101010011100011110001111101010000100
0010000001100111111111001100001101101010010100001101011000011010
0000110010100000110111100111010010000011000000110100011110011000
1110001100101111000100010111111101011010011101010011101101010001
1000011110011101010000001000000100101101100001100001111011000011
0101111101001110100001111100010000111011111100110001011110100110
0011111011001001001101100110011000100101100101111110011101001001
0000100000001011000110101000110011111101011101111010111000111100
0110101010001011000100100010000010100011111100101100000110110101
1011011001011100111101010111000101111111000011111001100110110001
1101101001111010001001011000011001110100010101001111111111110100
0001101001000100111101001111101010101000000111100000000001110101
1111000101000101011000010011001011010100110110111001101000001101
1001110111110010111001011111001011011111011101010100111001000110
0011111101110101110100111010000000001111001001001011011010100101
0000101100101100100000001011010100111101010100100010011100111000
0110011010011000011001100111100111011101010110111111011001011010
0111011100001001010110010001101111010101100010101001001001101000
1001100011101110110100011000001000011000010101010110000010011001
0010011101111100001100000000011011000101110101110010111011011101
0000101011000010000000110001011101001100010110110111100110100110
1101010101110001110100010101011101000101011100011101101100101111
1101100011010101101010110111111110101001110011101110000011000010
1001101100000111010100110100111101101000111110011100111101111000
0110101100001001111000010111110111011010000010100000001000011010
1110000011110001100111010111001010001110001110111100110110110111
0011010001001000111001010100111110110000010110000111010110111010
1101010110001011011101110000011001001110101011011110011011001101
1100110010001100000101111011000010010011011000101000011000011100
0001000111001000011000100011001111010000001010010101000111111001
0111000110110001010000110111011100010101011011100111010011111010
0000101010110110101001100000011011000000100011101001010011001000
0110101110101110011110111001010111111010110100010100011110110011
1001110110101011100101111101101101101110110110000110010011001101
0110101100010111100101111000101111101010000100111000011110110110
1111100111110110010000010000010111110011111101011010100010110010
0000101001001110001010101011100010111101000111011110100011001000
0111000000110010101100010001101110101010111111101011110010010001
1101010011110110000000010011001101000111110011000010100100111000
0001110100011010110000000000101010011100011110001111101010000100
0010000001100111111111001100001101101010010100001101011000011010
0000110010100000110111100111010010000011000000110100011110011000
1110001100101111000100010111111101011010011101010011101101010001
1000011110011101010000001000000100101101100001100001111011000011
0101111101001110100001111100010000111011111100110001011110100110
0011111011001001001101100110011000100101100101111110011101001001
0000100000001011000110101000110011111101011101111010111000111100
0110101010001011000100100010000010100011111100101100000110110101
1011011001011100111101010111000101111111000011111001100110110001
1101101001111010001001011000011001110100010101001111111111110100
0001101001000100111101001111101010101000000111100000000001110101
1111000101000101011000010011001011010100110110111001101000001101
1001110111110010111001011111001011011111011101010100111001000110
0011111101110101110100111010000000001111001001001011011010100101
0000101100101100100000001011010100111101010100100010011100111000
0110011010011000011001100111100111011101010110111111011001011010
0111011100001001010110010001101111010101100010101001001001101000
1001100011101110110100011000001000011000010101010110000010011001
0010011101111100001100000000011011000101110101110010111011011101
0000101011000010000000110001011101001100010110110111100110100110
0101010010110010001010011111101111011000111011100111011010100010
1101010101110001110100010101011101000101011100011101101100101111
1101100011010101101010110111111110101001110011101110000011000010
1001101100000111010100110100111101101000111110011100111101111000
0110101100001001111000010111110111011010000010100000001000011010
1110000011110001100111010111001010001110001110111100110110110111
0011010001001000111001010100111110110000010110000111010110111010
1101010110001011011101110000011001001110101011011110011011001101
1100110010001100000101111011000010010011011000101000011000011100
0001000111001000011000100011001111010000001010010101000111111001
0111000110110001010000110111011100010101011011100111010011111010
0000101010110110101001100000011011000000100011101001010011001000
0110101110101110011110111001010111111010110100010100011110110011
1001110110101011100101111101101101101110110110000110010011001101
0110101100010111100101111000101111101010000100111000011110110110
1111100111110110010000010000010111110011111101011010100010110010
0000101001001110001010101011100010111101000111011110100011001000
0111000000110010101100010001101110101010111111101011110010010001
1101010011110110000000010011001101000111110011000010100100111000
0001110100011010110000000000101010011100011110001111101010000100
0010000001100111111111001100001101101010010100001101011000011010
0000110010100000110111100111010010000011000000110100011110011000
1110001100101111000100010111111101011010011101010011101101010001
1000011110011101010000001000000100101101100001100001111011000011
0101111101001110100001111100010000111011111100110001011110100110
0011111011001001001101100110011000100101100101111110011101001001
0000100000001011000110101000110011111101011101111010111000111100
0110101010001011000100100010000010100011111100101100000110110101
1011011001011100111101010111000101111111000011111001100110110001
1101101001111010001001011000011001110100010101001111111111110100
0001101001000100111101001111101010101000000111100000000001110101
1111000101000101011000010011001011010100110110111001101000001101
1001110111110010111001011111001011011111011101010100111001000110
0011111101110101110100111010000000001111001001001011011010100101
0000101100101100100000001011010100111101010100100010011100111000
0110011010011000011001100111100111011101010110111111011001011010
0111011100001001010110010001101111010101100010101001001001101000
1001100011101110110100011000001000011000010101010110000010011001
0010011101111100001100000000011011000101110101110010111011011101
0000101011000010000000110001011101001100010110110111100110100110
0101010010110010001010011111101111011000111011100111011010100010
1100111100110110111111110111100110010111011001110001110100000111
1101010101110001110100010101011101000101011100011101101100101111
1101100011010101101010110111111110101001110011101110000011000010
1001101100000111010100110100111101101000111110011100111101111000
0110101100001001111000010111110111011010000010100000001000011010
1110000011110001100111010111001010001110001110111100110110110111
0011010001001000111001010100111110110000010110000111010110111010
1101010110001011011101110000011001001110101011011110011011001101
1100110010001100000101111011000010010011011000101000011000011100
0001000111001000011000100011001111010000001010010101000111111001
0111000110110001010000110111011100010101011011100111010011111010
0000101010110110101001100000011011000000100011101001010011001000
0110101110101110011110111001010111111010110100010100011110110011
1001110110101011100101111101101101101110110110000110010011001101
0110101100010111100101111000101111101010000100111000011110110110
1111100111110110010000010000010111110011111101011010100010110010
0000101001001110001010101011100010111101000111011110100011001000
0111000000110010101100010001101110101010111111101011110010010001
1101010011110110000000010011001101000111110011000010100100111000
0001110100011010110000000000101010011100011110001111101010000100
0010000001100111111111001100001101101010010100001101011000011010
0000110010100000110111100111010010000011000000110100011110011000
1110001100101111000100010111111101011010011101010011101101010001
1000011110011101010000001000000100101101100001100001111011000011
0101111101001110100001111100010000111011111100110001011110100110
0011111011001001001101100110011000100101100101111110011101001001
0000100000001011000110101000110011111101011101111010111000111100
0110101010001011000100100010000010100011111100101100000110110101
1011011001011100111101010111000101111111000011111001100110110001
1101101001111010001001011000011001110100010101001111111111110100
0001101001000100111101001111101010101000000111100000000001110101
1111000101000101011000010011001011010100110110111001101000001101
1001110111110010111001011111001011011111011101010100111001000110
0011111101110101110100111010000000001111001001001011011010100101
0000101100101100100000001011010100111101010100100010011100111000
0110011010011000011001100111100111011101010110111111011001011010
0111011100001001010110010001101111010101100010101001001001101000
1001100011101110110100011000001000011000010101010110000010011001
0010011101111100001100000000011011000101110101110010111011011101
0000101011000010000000110001011101001100010110110111100110100110
0101010010110010001010011111101111011000111011100111011010100010
1100111100110110111111110111100110010111011001110001110100000111
1000101010101010110100110000101010101101010000001110001110100100
1101010101110001110100010101011101000101011100011101101100101111
1101100011010101101010110111111110101001110011101110000011000010
1001101100000111010100110100111101101000111110011100111101111000
0110101100001001111000010111110111011010000010100000001000011010
1110000011110001100111010111001010001110001110111100110110110111
0011010001001000111001010100111110110000010110000111010110111010
1101010110001011011101110000011001001110101011011110011011001101
1100110010001100000101111011000010010011011000101000011000011100
0001000111001000011000100011001111010000001010010101000111111001
0111000110110001010000110111011100010101011011100111010011111010
0000101010110110101001100000011011000000100011101001010011001000
0110101110101110011110111001010111111010110100010100011110110011
1001110110101011100101111101101101101110110110000110010011001101
0110101100010111100101111000101111101010000100111000011110110110
1111100111110110010000010000010111110011111101011010100010110010
0000101001001110001010101011100010111101000111011110100011001000
0111000000110010101100010001101110101010111111101011110010010001
1101010011110110000000010011001101000111110011000010100100111000
0001110100011010110000000000101010011100011110001111101010000100
0010000001100111111111001100001101101010010100001101011000011010
0000110010100000110111100111010010000011000000110100011110011000
1110001100101111000100010111111101011010011101010011101101010001
1000011110011101010000001000000100101101100001100001111011000011
0101111101001110100001111100010000111011111100110001011110100110
0011111011001001001101100110011000100101100101111110011101001001
0000100000001011000110101000110011111101011101111010111000111100
0110101010001011000100100010000010100011111100101100000110110101
1011011001011100111101010111000101111111000011111001100110110001
1101101001111010001001011000011001110100010101001111111111110100
0001101001000100111101001111101010101000000111100000000001110101
1111000101000101011000010011001011010100110110111001101000001101
1001110111110010111001011111001011011111011101010100111001000110
0011111101110101110100111010000000001111001001001011011010100101
0000101100101100100000001011010100111101010100100010011100111000
0110011010011000011001100111100111011101010110111111011001011010
0111011100001001010110010001101111010101100010101001001001101000
1001100011101110110100011000001000011000010101010110000010011001
0010011101111100001100000000011011000101110101110010111011011101
0000101011000010000000110001011101001100010110110111100110100110
0101010010110010001010011111101111011000111011100111011010100010
1100111100110110111111110111100110010111011001110001110100000111
1000101010101010110100110000101010101101010000001110001110100100
0001010010110111101100010010001001010100000001111000000110010110
1101010101110001110100010101011101000101011100011101101100101111
1101100011010101101010110111111110101001110011101110000011000010
1001101100000111010100110100111101101000111110011100111101111000
0110101100001001111000010111110111011010000010100000001000011010
1110000011110001100111010111001010001110001110111100110110110111
0011010001001000111001010100111110110000010110000111010110111010
1101010110001011011101110000011001001110101011011110011011001101
1100110010001100000101111011000010010011011000101000011000011100
0001000111001000011000100011001111010000001010010101000111111001
0111000110110001010000110111011100010101011011100111010011111010
0000101010110110101001100000011011000000100011101001010011001000
0110101110101110011110111001010111111010110100010100011110110011
1001110110101011100101111101101101101110110110000110010011001101
0110101100010111100101111000101111101010000100111000011110110110
1111100111110110010000010000010111110011111101011010100010110010
0000101001001110001010101011100010111101000111011110100011001000
0111000000110010101100010001101110101010111111101011110010010001
1101010011110110000000010011001101000111110011000010100100111000
0001110100011010110000000000101010011100011110001111101010000100
0010000001100111111111001100001101101010010100001101011000011010
0000110010100000110111100111010010000011000000110100011110011000
1110001100101111000100010111111101011010011101010011101101010001
1000011110011101010000001000000100101101100001100001111011000011
0101111101001110100001111100010000111011111100110001011110100110
0011111011001001001101100110011000100101100101111110011101001001
0000100000001011000110101000110011111101011101111010111000111100
0110101010001011000100100010000010100011111100101100000110110101
1011011001011100111101010111000101111111000011111001100110110001
1101101001111010001001011000011001110100010101001111111111110100
0001101001000100111101001111101010101000000111100000000001110101
1111000101000101011000010011001011010100110110111001101000001101
1001110111110010111001011111001011011111011101010100111001000110
0011111101110101110100111010000000001111001001001011011010100101
0000101100101100100000001011010100111101010100100010011100111000
0110011010011000011001100111100111011101010110111111011001011010
0111011100001001010110010001101111010101100010101001001001101000
1001100011101110110100011000001000011000010101010110000010011001
0010011101111100001100000000011011000101110101110010111011011101
0000101011000010000000110001011101001100010110110111100110100110
0101010010110010001010011111101111011000111011100111011010100010
1100111100110110111111110111100110010111011001110001110100000111
1000101010101010110100110000101010101101010000001110001110100100
0001010010110111101100010010001001010100000001111000000110010110
0101010000110100101110001001011101110001101010001001011111010011
